camera_matrix:
- - 5382.923113934127
  - 0.0
  - 712.5247417712061
- - 0.0
  - 5242.826531709087
  - 1291.2463863932078
- - 0.0
  - 0.0
  - 1.0
dist_coeff:
- - -0.28292992755292146
  - -5.801013941066497
  - -0.053623312904046636
  - -0.01754343051718583
  - 20.993940988906044
